PC
5
6
7
8
9
10
11
12
16
17
18
19
20
21
22
24
25
26
27
28
31
32
33
34
35
37
39
40
42
43
44
46
48
49
51
52
53
54
55
56
58
59
60
61
62
63
65
66
67
68
71
72
74
75
76
77
80
82
83
84
86
87
90
92
93
95
96
97
100
102
104
105
107
108
111
113
115
116
118
119
122
124
125
126
127
128
131
133
134
136
137
138
141
142
144
145
146
147
150
151
153
154
156
157
160
162
163
165
167
168
171
173
175
176
177
178
181
182
184
185
187
188
191
192
193
195
197
198
201
202
204
206
208
209
212
213
214
216
218
219
222
223
224
225
226
227
230
231
232
233
234
235
238
240
241
242
243
244
247
249
250
252
253
254
257
258
259
261
263
264
267
269
271
272
273
274
277
279
280
282
283
284
287
289
291
292
294
295
298
300
302
304
305
306
309
311
313
315
317
318
321
323
324
325
326
327
330
332
333
335
337
338
341
343
344
345
347
348
351
353
355
356
357
358
361
363
364
365
367
368
371
372
373
374
376
377
380
381
382
383
384
385
388
390
391
392
394
395
398
400
402
403
404
405
408
409
410
412
414
415
418
420
421
423
425
426
429
430
431
432
434
435
438
439
440
441
442
443
446
447
449
450
451
452
455
457
458
460
461
462
465
467
468
469
470
471
474
475
476
478
479
480
483
484
485
486
487
488
491
492
493
495
497
498
501
503
504
506
507
508
511
512
514
516
518
519
522
523
524
525
526
527
528
531
532
533
534
536
538
540
542
544
546
547
548
549
551
552
553
554
555
557
558
560
563
564
565
566
567
569
571
572
573
574
577
578
579
580
582
583
586
588
589
590
591
592
594
595
596
597
598
599
602
603
604
605
606
607
608
609
610
611
613
614
615
617
618
621
623
624
626
627
628
630
631
633
634
635
636
638
639
640
641
642
643
645
646
647
648
650
651
653
654
655
656
658
659
661
662
663
664
665
666
667
668
669
670
671
672
673
676
678
679
680
681
682
683
686
687
688
689
690
691
692
695
697
698
699
700
701
702
705
706
707
708
709
710
711
714
716
717
718
719
720
721
722
723
724
725
728
729
731
732
733
734
736
737
739
740
741
742
743
744
746
748
750
751
753
754
756
758
761
762
763
765
768
771
772
773
774
776
777
779
780
781
782
783
784
786
788
789
790
792
793
794
795
796
797
798
799
801
803
805
807
809
810
812
814
815
816
817
820
821
822
823
825
827
828
829
831
833
835
837
838
840
841
842
843
844
845
846
847
848
849
850
851
852
853
854
855
857
858
859
861
863
864
865
866
867
869
870
871
873
874
875
876
879
880
881
882
884
886
888
890
892
894
895
897
899
900
902
903
904
905
906
907
908
909
910
911
912
913
915
917
918
920
921
923
925
926
927
929
930
931
932
935
936
937
938
940
942
943
944
945
947
949
951
952
953
955
956
957
959
960
961
963
964
966
968
969
971
972
973
974
976
978
979
980
981
982
983
984
985
986
987
988
990
992
993
994
996
999
1000
1001
1002
1004
1006
1007
1009
1010
1011
1012
1013
1014
1016
1019
1020
1021
1023
1024
1025
1026
1027
1028
1030
1031
1032
1033
1035
1036
1039
1040
1041
1043
1046
1047
1048
1051
1052
1053
1055
1056
1057
1058
1060
1061
1062
1065
1066
1068
1070
1071
1072
1073
1075
1076
1077
1078
1080
1081
1082
1083
1084
1086
1087
1089
1090
1092
1093
1095
1096
1097
1098
1100
1101
1102
1104
1105
1106
1107
1109
1110
1111
1112
1114
1116
1118
1119
1120
1121
1122
1125
1126
1127
1128
1130
1132
1133
1134
1135
1136
1137
1138
1139
1140
1141
1142
1143
1144
1145
1146
1147
1150
1152
1153
1154
1157
1158
1160
1161
1162
1163
1166
1168
1169
1171
1172
1175
1176
1177
1178
1180
1181
1183
1184
1186
1187
1188
1189
1192
1193
1195
1196
1197
1199
1200
1202
1203
1204
1205
1206
1207
1208
1210
1211
1212
1214
1215
1217
1218
1219
1220
1223
1225
1226
1227
1229
1231
1233
1234
1236
1237
1238
1239
1240
1241
1242
1243
1245
1246
1248
1249
1250
1251
1252
1255
1257
1258
1259
1262
1263
1264
1265
1266
1267
1268
1270
1271
1273
1275
1276
1277
1278
1279
1280
1282
1283
1284
1287
1288
1289
1290
1291
1292
1295
1297
1298
1299
1300
1302
1304
1305
1307
1308
1311
1312
1313
1315
1317
1318
1319
1320
1321
1324
1325
1327
1328
1330
1331
1333
1334
1336
1337
1338
1340
1341
1342
1343
1344
1345
1346
1347
1349
1350
1351
1352
1353
1355
1356
1357
1358
1360
1362
1364
1365
1367
1369
1370
1372
1374
1375
1377
1378
1379
1380
1381
1382
1383
1384
1385
1386
1388
1389
1390
1391
1392
1394
1395
1396
1398
1399
1400
1401
1403
1405
1406
1407
1408
1410
1411
1412
1413
1415
1417
1418
1420
1421
1422
1423
1424
1425
1426
1428
1429
1430
1432
1434
1435
1436
1437
1439
1441
1442
1443
1444
1445
1446
1447
1449
